=~=~=~=~=~=~=~=~=~=~=~= PuTTY log 2020.01.15 13:54:51 =~=~=~=~=~=~=~=~=~=~=~=
Initialization complete, starting...
0.10,0.00,0.00
0.05,-0.10,0.00
0.05,-0.05,0.00
0.15,-0.05,-0.01
0.15,-0.15,-0.01
0.15,-0.15,-0.01
0.15,-0.15,0.00
0.10,-0.15,0.00
0.05,-0.10,0.01
0.10,7.90,5.00
0.05,7.90,5.00
0.05,7.95,5.00
0.05,7.95,5.00
0.05,7.95,5.00
0.05,7.95,5.00
0.05,7.95,5.00
0.05,7.95,5.00
0.05,7.95,5.00
0.05,7.95,5.00
0.15,7.95,5.00
0.10,7.85,5.00
0.05,7.90,5.00
0.10,7.95,5.00
0.05,7.90,5.00
0.05,7.95,5.00
0.10,7.95,5.00
0.05,7.90,5.00
0.05,7.95,5.00
0.05,7.95,5.00
0.10,7.95,5.00
0.10,7.90,5.00
0.10,7.90,5.00
0.05,7.90,5.00
0.10,7.95,5.00
0.10,7.90,5.00
0.05,7.90,5.00
0.05,7.95,5.00
0.15,7.95,5.00
0.05,7.85,5.00
0.15,7.95,5.00
0.05,7.85,5.00
0.05,7.95,5.00
0.15,7.95,5.00
0.05,7.85,5.00
0.10,7.95,5.00
0.05,7.90,5.00
0.05,7.95,5.00
0.05,7.95,5.00
0.05,7.95,5.00
0.05,7.95,5.00
0.05,7.95,5.00
0.10,7.95,5.00
0.05,7.90,5.00
0.05,7.95,5.00
0.05,7.95,5.00
0.05,7.95,5.00
0.05,7.95,5.00
0.05,7.95,5.00
0.05,7.95,5.00
0.05,7.95,5.00
0.05,7.95,5.00
0.10,7.95,5.00
0.15,7.90,5.00
0.05,7.85,5.00
0.05,7.95,5.00
0.05,7.95,5.00
0.05,7.95,5.00
0.10,7.95,5.00
0.05,7.90,5.00
0.05,7.95,5.00
0.10,7.95,5.00
0.05,7.90,5.00
0.10,7.95,5.00
0.05,7.90,5.00
0.05,7.95,5.00
0.05,7.95,5.00
0.05,7.95,5.00
0.05,7.95,5.00
0.05,7.95,5.00
0.05,7.95,5.00
0.05,7.95,5.00
0.05,7.95,5.00
0.05,7.95,5.00
0.10,7.95,5.00
0.05,7.90,5.00
0.05,7.95,5.00
0.05,7.95,5.00
0.10,7.95,5.00
0.05,7.90,5.00
0.05,7.95,5.00
0.05,7.95,5.00
0.10,7.95,5.00
0.10,7.90,5.00
0.05,7.90,5.00
0.05,7.95,5.00
0.15,7.95,5.00
0.10,7.85,5.00
0.10,7.90,5.00
0.05,7.90,5.00
0.05,7.95,5.00
0.10,7.95,5.00
0.05,7.90,5.00
0.05,7.95,5.00
0.15,7.95,5.00
0.10,7.85,5.00
0.10,7.90,5.00
0.05,7.90,5.00
0.05,7.95,5.00
0.05,7.95,5.00
0