85.75   1.84   24.33
85.63   1.84   24.32
85.57   1.83   24.33
85.80   1.84   24.33
85.43   1.84   24.32
85.80   1.84   24.33
85.58   1.85   24.33
85.52   1.83   24.33
85.85   1.84   24.33
85.45   1.84   24.33
85.74   1.84   24.33
85.69   1.84   24.33
85.52   1.84   24.32
85.81   1.84   24.32
85.50   1.84   24.32
85.74   1.83   24.32
85.71   1.84   24.33
85.49   1.84   24.32
85.85   1.84   24.32
85.51   1.84   24.32
85.65   1.83   24.33
85.76   1.84   24.33
85.50   1.83   24.33
85.81   1.84   24.32
85.47   1.84   24.32
85.69   1.83   24.33
85.78   1.84   24.32
85.55   1.83   24.32
85.83   1.84   24.33
85.52   1.84   24.32
85.70   1.83   24.33
85.82   1.84   24.32
85.50   1.84   24.33
85.81   1.84   24.33
85.60   1.84   24.33
85.68   1.83   24.33
85.78   1.84   24.33
85.55   1.84   24.33
85.85   1.84   24.33
85.57   1.84   24.32
85.66   1.83   24.32
85.75   1.84   24.33
85.48   1.84   24.32
85.77   1.83   24.33
85.56   1.84   24.32
85.63   1.83   24.32
85.83   1.84   24.32
85.49   1.84   24.32
85.79   1.83   24.33
85.60   1.84   24.32
85.58   1.83   24.33
85.83   1.84   24.33
85.46   1.84   24.33
85.81   1.84   24.32
85.57   1.85   24.32
85.53   1.83   24.33
85.86   1.84   24.33
85.47   1.84   24.32
85.79   1.83   24.32
85.67   1.85   24.32
85.55   1.83   24.33
85.86   1.84   24.32
85.53   1.84   24.32
85.78   1.83   24.33
85.63   1.84   24.33
85.60   1.83   24.33
85.84   1.84   24.32
85.48   1.84   24.33
85.75   1.83   24.33
85.76   1.84   24.33
85.51   1.83   24.33
85.87   1.84   24.33
85.58   1.84   24.33
85.66   1.83   24.32
85.78   1.84   24.33
85.45   1.84   24.33
85.86   1.84   24.32
85.47   1.84   24.33
85.70   1.83   24.32
85.77   1.84   24.33
85.48   1.84   24.32
85.80   1.84   24.32
85.51   1.84   24.33
85.67   1.83   24.32
85.82   1.84   24.33
85.44   1.84   24.33
85.84   1.84   24.33
85.62   1.85   24.33
85.56   1.83   24.33
85.83   1.85   24.33
85.49   1.84   24.32
85.78   1.84   24.33
85.61   1.85   24.33
85.61   1.83   24.33
85.84   1.85   24.32
85.44   1.84   24.33
85.85   1.84   24.33
85.61   1.85   24.32
85.54   1.83   24.33
85.82   1.85   24.32
85.44   1.84   24.32
85.76   1.84   24.32
85.67   1.85   24.32
85.59   1.84   24.33
85.81   1.84   24.32
85.51   1.84   24.32
85.75   1.84   24.33
85.77   1.85   24.33
85.54   1.84   24.33
85.79   1.84   24.32
85.47   1.85   24.33
85.71   1.84   24.32
85.71   1.85   24.33
84.85   1.92   24.32
83.72   2.02   24.33
81.67   2.10   24.32
79.80   2.18   24.33
75.71   2.39   24.32
70.50   2.60   24.32
65.38   2.95   24.32
60.30   3.31   24.32
57.80   3.51   24.32
55.34   3.82   24.31
52.29   4.06   24.32
50.86   4.33   24.32
48.30   4.63   24.32
46.67   4.82   24.32
45.21   5.20   24.32
43.07   5.42   24.32
42.63   5.64   24.32
40.71   5.95   24.31
39.85   6.08   24.32
39.36   6.39   24.32
37.87   6.54   24.32
38.14   6.68   24.32
36.73   6.94   24.32
36.14   6.99   24.32
36.08   7.25   24.32
34.60   7.39   24.32
34.88   7.46   24.32
33.86   7.70   24.32
33.37   7.69   24.32
33.62   7.87   24.32
32.10   7.98   24.32
32.53   8.02   24.32
31.92   8.24   24.32
31.02   8.23   24.32
31.29   8.42   24.31
30.03   8.56   24.32
30.30   8.55   24.32
29.78   8.80   24.32
28.91   8.76   24.32
29.51   8.89   24.32
28.30   9.01   24.32
28.46   8.95   24.32
28.26   9.19   24.32
27.36   9.17   24.33
27.92   9.24   24.32
26.80   9.39   24.32
26.88   9.31   24.32
27.03   9.53   24.32
25.92   9.50   24.32
26.66   9.53   24.32
25.85   9.70   24.32
25.79   9.57   24.32
25.97   9.79   24.32
24.91   9.75   24.32
25.76   9.76   24.32
24.79   9.94   24.32
24.79   9.81   24.32
25.14   10.00   24.32
24.17   9.94   24.32
25.21   9.88   24.32
24.57   10.06   24.32
24.96   9.78   24.32
26.00   9.89   24.32
24.97   9.78   24.32
26.17   9.68   24.32
25.71   9.85   24.32
25.54   9.66   24.32
26.69   9.70   24.32
26.82   9.49   24.32
28.88   9.18   24.32
29.80   9.06   24.32
31.13   8.56   24.32
33.39   8.30   24.32
34.06   8.01   24.32
36.40   7.57   24.32
37.80   7.40   24.32
39.25   6.95   24.32
42.84   6.43   24.32
44.95   5.78   24.32
47.24   5.28   24.32
49.55   4.71   24.32
53.06   3.94   24.33
55.86   3.68   24.32
56.27   3.52   24.33
56.46   3.51   24.32
57.72   3.46   24.32
65.36   2.71   24.33
71.24   2.42   24.32
84.73   1.89   24.33
85.53   1.85   24.32
85.74   1.85   24.33
85.42   1.85   24.33
85.82   1.85   24.33
85.57   1.85   24.33
85.55   1.84   24.32
85.70   1.85   24.32
85.43   1.84   24.33
85.75   1.84   24.32
85.51   1.85   24.32
85.65   1.83   24.32
85.83   1.84   24.32
85.34   1.84   24.32
85.81   1.84   24.32
85.52   1.85   24.32
85.61   1.84   24.32
85.77   1.84   24.33
85.48   1.84   24.32
85.74   1.84   24.33
85.54   1.85   24.32
85.60   1.84   24.33
85.74   1.85   24.32
85.43   1.84   24.33
85.81   1.84   24.32
85.62   1.85   24.33
85.54   1.84   24.33
85.74   1.85   24.33
85.15   1.86   24.32
83.16   1.93   24.32
80.66   2.01   24.32
77.00   2.09   24.33
75.84   2.14   24.32
69.30   2.38   24.32
61.92   2.84   24.32
56.29   3.31   24.31
52.82   3.60   24.32
50.80   3.97   24.32
47.59   4.31   24.32
45.82   4.63   24.32
43.53   5.06   24.32
41.83   5.26   24.32
41.75   5.53   24.32
39.61   5.83   24.32
39.52   6.00   24.32
38.39   6.33   24.32
37.23   6.42   24.32
37.51   6.65   24.31
35.88   6.85   24.32
36.06   6.90   24.32
35.32   7.18   24.32
34.46   7.19   24.32
34.75   7.37   24.31
33.36   7.54   24.31
33.33   7.60   24.32
32.94   7.87   24.32
32.10   7.87   24.32
32.39   8.04   24.31
30.93   8.25   24.32
31.02   8.26   24.32
30.56   8.51   24.32
29.37   8.55   24.32
30.01   8.69   24.32
28.61   8.86   24.32
28.59   8.82   24.32
28.52   9.07   24.32
27.44   9.07   24.32
28.00   9.17   24.31
26.89   9.34   24.31
26.94   9.28   24.31
26.98   9.48   24.33
26.00   9.46   24.32
26.55   9.52   24.32
25.69   9.68   24.32
25.77   9.57   24.32
25.77   9.78   24.33
24.71   9.77   24.32
25.59   9.77   24.32
24.66   9.94   24.32
24.61   9.83   24.32
24.90   10.02   24.32
23.85   10.00   24.32
24.68   10.01   24.32
23.83   10.17   24.32
23.86   10.03   24.32
24.03   10.27   24.32
23.03   10.20   24.32
23.83   10.23   24.32
22.82   10.42   24.33
22.77   10.25   24.32
23.07   10.48   24.32
22.14   10.41   24.32
23.10   10.45   24.32
22.15   10.58   24.32
22.13   10.41   24.33
22.40   10.64   24.32
21.41   10.60   24.33
22.20   10.63   24.33
21.22   10.77   24.32
21.35   10.61   24.32
21.62   10.83   24.33
20.72   10.78   24.32
21.58   10.75   24.32
20.64   10.91   24.32
20.71   10.77   24.32
21.17   10.95   24.33
19.96   10.92   24.33
20.84   10.88   24.32
20.20   11.08   24.31
20.07   10.90   24.32
20.47   11.09   24.32
19.47   11.07   24.32
20.24   11.02   24.32
19.59   11.19   24.32
19.62   11.00   24.32
20.46   11.10   24.32
19.71   11.04   24.32
21.13   10.83   24.32
21.52   10.87   24.32
22.10   10.53   24.32
23.66   10.47   24.31
23.55   10.24   24.32
26.48   9.75   24.32
30.49   9.07   24.32
35.28   7.85   24.32
40.50   6.90   24.32
46.20   5.66   24.32
48.62   5.10   24.32
49.66   4.73   24.32
50.57   4.13   24.32
53.39   3.88   24.32
63.44   2.85   24.32
85.56   1.86   24.33
85.58   1.86   24.32
85.38   1.85   24.33
85.79   1.85   24.33
85.39   1.85   24.32
85.64   1.84   24.32
85.55   1.86   24.33
85.43   1.84   24.32
85.72   1.85   24.33
85.41   1.85   24.33
85.68   1.84   24.33
85.62   1.85   24.33
85.44   1.84   24.32
85.76   1.84   24.32
85.39   1.84   24.32
85.62   1.83   24.32
85.65   1.85   24.33
85.43   1.84   24.33
85.75   1.84   24.32
85.46   1.85   24.32
85.69   1.83   24.33
85.67   1.85   24.32
85.47   1.84   24.32
85.73   1.84   24.32
85.44   1.84   24.33
85.62   1.84   24.32
85.72   1.85   24.33
85.44   1.84   24.32
85.88   1.84   24.33
85.42   1.84   24.32
85.61   1.84   24.33
85.66   1.85   24.33
85.38   1.84   24.33
85.83   1.84   24.32
85.47   1.85   24.32
85.68   1.83   24.33
85.63   1.85   24.33
85.46   1.84   24.32
85.76   1.84   24.33
85.48   1.85   24.32
85.65   1.84   24.33
85.67   1.85   24.33
85.45   1.84   24.32
85.75   1.84   24.32
85.41   1.85   24.33
85.65   1.84   24.32
85.66   1.85   24.33
85.44   1.84   24.32
85.73   1.85   24.33
85.47   1.85   24.33
85.63   1.84   24.33
83.68   1.90   24.32
77.49   2.05   24.33
73.36   2.21   24.32
68.51   2.41   24.32
66.32   2.49   24.32
64.58   2.62   24.32
61.46   2.82   24.33
59.71   3.03   24.32
56.69   3.25   24.32
55.82   3.37   24.32
54.61   3.58   24.32
52.55   3.71   24.32
52.12   3.90   24.32
50.26   4.07   24.32
49.72   4.17   24.32
48.95   4.35   24.32
48.29   4.34   24.32
48.34   4.47   24.32
46.84   4.65   24.32
46.63   4.72   24.32
45.52   4.97   24.32
44.13   5.08   24.31
44.50   5.22   24.32
43.16   5.37   24.32
43.06   5.39   24.32
42.34   5.64   24.32
41.21   5.69   24.32
41.55   5.82   24.31
40.20   5.99   24.32
39.97   6.04   24.32
39.59   6.25   24.32
38.33   6.32   24.32
38.64   6.43   24.31
37.63   6.59   24.32
37.86   6.52   24.32
37.59   6.73   24.32
36.69   6.78   24.32
37.09   6.85   24.32
35.89   7.04   24.32
35.79   7.04   24.32
35.41   7.27   24.32
34.34   7.31   24.31
34.85   7.44   24.32
33.45   7.65   24.32
33.26   7.64   24.32
32.85   7.91   24.31
31.54   7.95   24.32
31.98   8.11   24.32
30.60   8.30   24.32
30.47   8.30   24.31
30.14   8.57   24.32
29.10   8.58   24.32
29.59   8.69   24.31
28.43   8.90   24.31
28.55   8.84   24.32
28.24   9.08   24.32
27.12   9.08   24.33
27.86   9.16   24.32
26.81   9.33   24.32
26.83   9.25   24.33
26.77   9.50   24.32
25.63   9.48   24.32
26.29   9.54   24.32
25.19   9.75   24.31
25.14   9.66   24.31
25.13   9.91   24.32
24.14   9.87   24.32
24.61   9.96   24.32
23.56   10.17   24.32
23.53   10.05   24.31
23.68   10.28   24.32
22.45   10.30   24.32
23.09   10.34   24.32
22.13   10.52   24.33
21.98   10.37   24.32
22.34   10.62   24.32
21.27   10.61   24.32
22.14   10.57   24.32
21.31   10.76   24.31
21.33   10.57   24.31
21.63   10.79   24.32
20.48   10.76   24.32
21.39   10.75   24.32
20.60   10.94   24.32
20.58   10.77   24.31
20.83   10.99   24.32
19.77   10.94   24.32
20.69   10.89   24.32
20.01   11.05   24.32
20.06   10.88   24.32
20.38   11.08   24.32
19.48   11.04   24.32
20.36   11.00   24.32
19.59   11.16   24.32
19.69   10.99   24.32
20.00   11.17   24.31
19.16   11.09   24.32
20.07   11.05   24.32
19.27   11.24   24.32
19.27   11.07   24.32
19.71   11.24   24.32
18.72   11.21   24.32
19.64   11.18   24.32
18.92   11.36   24.32
18.92   11.15   24.32
19.37   11.35   24.32
18.51   11.29   24.33
19.44   11.24   24.33
18.78   11.40   24.32
18.75   11.21   24.32
19.44   11.36   24.32
18.61   11.28   24.32
19.90   11.13   24.31
20.05   11.15   24.32
20.71   10.88   24.32
21.28   10.99   24.32
20.34   10.91   24.32
21.63   10.80   24.32
21.61   10.90   24.32
21.89   10.63   24.32
22.92   10.67   24.32
22.87   10.42   24.32
25.27   10.08   24.32
26.21   9.93   24.32
28.04   9.42   24.32
30.99   9.08   24.31
35.64   7.98   24.33
43.26   6.68   24.32
47.44   5.90   24.32
52.12   5.11   24.32
64.15   3.31   24.32
85.26   1.87   24.32
85.67   1.86   24.32
85.42   1.86   24.33
85.52   1.85   24.32
85.66   1.85   24.32
85.36   1.85   24.33
85.72   1.84   24.33
85.52   1.85   24.32
85.55   1.84   24.32
85.65   1.85   24.33
85.42   1.84   24.32
85.79   1.84   24.33
85.50   1.84   24.32
85.52   1.83   24.33
85.74   1.84   24.33
85.45   1.84   24.32
85.72   1.83   24.33
85.47   1.84   24.32
85.62   1.83   24.32
85.77   1.84   24.33
85.38   1.84   24.32
85.72   1.83   24.33
85.57   1.84   24.32
85.51   1.83   24.32
85.80   1.84   24.33
85.38   1.84   24.33
85.77   1.83   24.32
85.50   1.84   24.32
85.54   1.83   24.33
85.75   1.84   24.33
85.37   1.84   24.33
85.68   1.83   24.32
85.51   1.84   24.32
85.58   1.83   24.33
85.78   1.84   24.33
85.43   1.84   24.33
85.77   1.83   24.32
85.57   1.84   24.33
85.56   1.83   24.33
85.77   1.84   24.33
85.41   1.84   24.33
85.76   1.83   24.33
85.57   1.84   24.33
85.58   1.83   24.32
85.75   1.84   24.33
85.40   1.84   24.32
85.79   1.83   24.33
85.53   1.84   24.32
85.52   1.83   24.32
85.73   1.84   24.33
85.44   1.84   24.33
85.74   1.83   24.32
85.50   1.84   24.33
85.50   1.83   24.32
85.79   1.84   24.32
85.37   1.84   24.32
85.77   1.83   24.33
85.57   1.84   24.32
85.61   1.83   24.32
85.81   1.84   24.33
85.35   1.84   24.32
85.75   1.83   24.33
85.51   1.85   24.32
85.53   1.83   24.33
85.75   1.84   24.32
85.43   1.83   24.32
85.83   1.83   24.33
85.45   1.84   24.32
85.59   1.83   24.32
85.75   1.84   24.33
85.42   1.83   24.32
85.75   1.83   24.32
85.53   1.84   24.33
85.58   1.83   24.33
85.76   1.84   24.32
85.46   1.84   24.33
85.76   1.83   24.32
85.52   1.84   24.32
85.56   1.83   24.32
85.77   1.84   24.32
85.44   1.84   24.32
85.79   1.84   24.32
85.45   1.84   24.33
85.58   1.83   24.32
85.75   1.84   24.33
85.51   1.83   24.32
85.76   1.83   24.32
85.50   1.84   24.33
85.64   1.83   24.33
85.75   1.84   24.32
85.44   1.83   24.32
85.82   1.83   24.32
85.46   1.84   24.32
85.62   1.83   24.33
85.78   1.85   24.33
85.44   1.83   24.32
85.80   1.83   24.33
8